292
100,292
292,8
268,292
73,292
292,16
146,292
292,128
292,64
73,100,292
146,100,292
292,64,128
292,8,16
73,268,292
100,292,128
100,292,64
73,292,8
73,146,292
146,292,128
146,292,64
146,292,16
146,292,8
268,292,16
73,292,128
73,292,64
73,292,16
146,268,292
268,292,8
146,100,292,64
146,268,292,8
73,146,292,64
73,146,292,8
146,292,64,128
73,146,292,16
73,292,8,16
73,146,268,292
73,268,292,8
146,292,8,16
73,100,292,128
146,100,292,128
100,292,64,128
73,268,292,16
73,146,100,292
73,100,292,64
73,146,292,128
73,292,64,128
146,268,292,16
268,292,8,16
292,100,146,64,128
292,100,73,146,128
100,292,73,64,128
292,73,146,64,128
292,8,73,268,146
292,100,73,146,64
292,8,73,16,146
292,8,268,16,146
292,73,268,16,146
292,8,73,268,16
292,100,73,146,128,64
292,8,73,268,16,146
