36
1,36
9,36
36,5
2,36
33,36
36,37
41,36
36,13
36,45
18,36
1,36,5
1,2,36
2,36,5
9,36,5
1,33,36
1,9,36
33,36,5
9,2,36
9,33,36
1,36,37
2,36,37
9,36,37
33,36,37
33,2,36
36,5,37
1,41,36
1,18,36
1,36,13
1,36,45
9,41,36
9,18,36
9,36,13
9,36,45
41,2,36
2,36,18
2,36,13
2,36,45
41,36,37
18,36,37
36,13,37
36,37,45
41,18,36
41,36,13
41,36,45
18,36,13
18,36,45
36,13,45
41,36,5
18,36,5
36,5,13
36,5,45
33,41,36
33,18,36
33,36,13
33,36,45
1,2,36,5
1,2,36,9
9,2,36,5
1,9,36,5
1,2,41,36
1,2,36,18
1,2,36,13
1,2,36,45
1,2,33,36
41,2,36,5
2,36,5,18
2,36,5,13
2,36,5,45
9,2,33,36
1,9,33,36
1,18,41,36
1,41,36,13
1,41,36,45
1,18,36,13
1,18,36,45
1,36,13,45
9,33,36,5
41,18,36,13
41,18,36,45
41,36,13,45
18,36,13,45
1,41,36,5
1,18,36,5
1,36,5,13
1,36,5,45
1,33,36,5
33,2,36,5
9,2,41,36
9,2,36,18
9,2,36,13
9,2,36,45
33,41,36,5
33,18,36,5
33,36,5,13
33,36,5,45
1,9,41,36
1,9,36,18
1,9,36,13
1,9,36,45
1,2,36,37
9,41,36,5
9,18,36,5
9,36,5,13
9,36,5,45
41,2,36,18
41,2,36,13
41,2,36,45
2,36,13,18
2,36,45,18
2,36,13,45
1,36,5,37
41,18,36,5
41,36,5,13
41,36,5,45
18,36,5,13
18,36,5,45
36,5,13,45
1,9,36,37
9,36,33,41
9,18,33,36
9,33,36,13
9,33,36,45
1,33,36,37
41,36,5,37
18,36,5,37
36,5,13,37
36,5,37,45
9,2,36,37
9,36,5,37
2,36,5,37
33,36,5,37
1,36,33,41
1,18,33,36
1,33,36,13
1,33,36,45
9,18,41,36
9,41,36,13
9,41,36,45
9,18,36,13
9,18,36,45
9,36,13,45
33,2,41,36
33,2,36,18
33,2,36,13
33,2,36,45
9,41,36,37
9,18,36,37
9,36,13,37
9,36,37,45
33,2,36,37
9,33,36,37
1,41,36,37
1,18,36,37
1,36,13,37
1,36,37,45
41,18,36,37
41,36,13,37
41,36,37,45
18,36,13,37
18,36,37,45
36,13,37,45
33,18,41,36
33,41,36,13
33,41,36,45
33,18,36,13
33,18,36,45
33,36,13,45
41,2,36,37
2,36,37,18
2,36,13,37
2,36,37,45
33,41,36,37
33,18,36,37
33,36,13,37
33,36,37,45
36,41,13,45,18
1,2,36,5,9
36,5,41,13,18
36,5,41,45,18
36,5,41,13,45
36,5,13,45,18
1,2,33,36,41
1,2,33,36,18
1,2,33,36,13
1,2,33,36,45
1,33,36,5,41
1,33,36,5,18
1,33,36,5,13
1,33,36,5,45
1,2,36,5,41
1,2,36,5,18
1,2,36,5,13
1,2,36,5,45
2,36,5,9,41
2,36,5,9,18
2,36,5,9,13
2,36,5,9,45
1,2,33,36,9
1,2,36,41,18
1,2,36,41,13
1,2,36,41,45
1,2,36,13,18
1,2,36,45,18
1,2,36,13,45
1,2,33,36,5
1,33,36,5,9
36,9,41,13,18
36,9,41,45,18
36,9,41,13,45
36,9,13,45,18
1,36,41,13,18
1,36,41,45,18
1,36,41,13,45
1,36,13,45,18
33,2,36,41,9
33,2,36,9,18
33,2,36,9,13
33,2,36,9,45
33,36,5,9,41
33,36,5,9,18
33,36,5,9,13
33,36,5,9,45
2,36,41,13,18
2,36,41,45,18
2,36,41,13,45
2,36,13,45,18
1,36,5,9,41
1,36,5,9,18
1,36,5,9,13
1,36,5,9,45
1,2,36,37,9
33,36,41,13,18
33,36,41,45,18
33,36,41,13,45
33,36,13,45,18
33,2,36,5,9
33,36,9,41,18
33,36,9,41,13
33,36,9,41,45
33,36,9,13,18
33,36,9,45,18
33,36,9,13,45
1,2,36,41,9
1,2,36,9,18
1,2,36,9,13
1,2,36,9,45
33,2,36,5,41
33,2,36,5,18
33,2,36,5,13
33,2,36,5,45
1,36,5,37,9
33,36,5,37,9
1,2,36,5,37
2,36,5,37,9
1,33,36,37,9
33,2,36,37,9
1,36,5,37,41
1,36,5,37,18
1,36,5,37,13
1,36,5,37,45
1,33,36,9,41
1,33,36,9,18
1,33,36,9,13
1,33,36,9,45
2,36,5,37,41
2,36,5,37,18
2,36,5,37,13
2,36,5,37,45
33,2,36,5,37
1,33,36,5,37
1,2,33,36,37
1,33,36,41,18
1,33,36,41,13
1,33,36,41,45
1,33,36,13,18
1,33,36,45,18
1,33,36,13,45
36,37,41,13,18
36,37,41,45,18
36,37,41,13,45
36,37,13,45,18
1,36,37,9,41
1,36,37,9,18
1,36,37,9,13
1,36,37,9,45
1,36,5,41,18
1,36,5,41,13
1,36,5,41,45
1,36,5,13,18
1,36,5,45,18
1,36,5,13,45
36,5,37,41,18
36,5,37,41,13
36,5,37,41,45
36,5,37,13,18
36,5,37,45,18
36,5,37,13,45
1,36,9,41,18
1,36,9,41,13
1,36,9,41,45
1,36,9,13,18
1,36,9,45,18
1,36,9,13,45
1,36,37,41,18
1,36,37,41,13
1,36,37,41,45
1,36,37,13,18
1,36,37,45,18
1,36,37,13,45
2,36,37,9,41
2,36,37,9,18
2,36,37,9,13
2,36,37,9,45
36,5,37,9,41
36,5,37,9,18
36,5,37,9,13
36,5,37,9,45
33,2,36,37,41
33,2,36,37,18
33,2,36,37,13
33,2,36,37,45
2,36,5,41,18
2,36,5,41,13
2,36,5,41,45
2,36,5,13,18
2,36,5,45,18
2,36,5,13,45
1,2,36,37,41
1,2,36,37,18
1,2,36,37,13
1,2,36,37,45
33,36,37,9,41
33,36,37,9,18
33,36,37,9,13
33,36,37,9,45
33,36,5,41,18
33,36,5,41,13
33,36,5,41,45
33,36,5,13,18
33,36,5,45,18
33,36,5,13,45
36,5,9,41,18
36,5,9,41,13
36,5,9,41,45
36,5,9,13,18
36,5,9,45,18
36,5,9,13,45
2,36,9,41,18
2,36,9,41,13
2,36,9,41,45
2,36,9,13,18
2,36,9,45,18
2,36,9,13,45
33,36,5,37,41
33,36,5,37,18
33,36,5,37,13
33,36,5,37,45
2,36,37,41,18
2,36,37,41,13
2,36,37,41,45
2,36,37,13,18
2,36,37,45,18
2,36,37,13,45
33,2,36,41,18
33,2,36,41,13
33,2,36,41,45
33,2,36,13,18
33,2,36,45,18
33,2,36,13,45
36,37,9,41,18
36,37,9,41,13
36,37,9,41,45
36,37,9,13,18
36,37,9,45,18
36,37,9,13,45
1,33,36,37,41
1,33,36,37,18
1,33,36,37,13
1,33,36,37,45
33,36,37,41,18
33,36,37,41,13
33,36,37,41,45
33,36,37,13,18
33,36,37,45,18
33,36,37,13,45
1,36,41,13,45,18
2,36,41,13,45,18
36,5,41,13,45,18
36,9,41,13,45,18
1,2,36,41,13,18
1,2,36,41,45,18
1,2,36,41,13,45
1,2,36,13,45,18
1,36,5,41,13,18
1,36,5,41,45,18
1,36,5,41,13,45
1,36,5,13,45,18
1,36,9,41,13,18
1,36,9,41,45,18
1,36,9,41,13,45
1,36,9,13,45,18
2,36,5,41,13,18
2,36,5,41,45,18
2,36,5,41,13,45
2,36,5,13,45,18
2,36,9,41,13,18
2,36,9,41,45,18
2,36,9,41,13,45
2,36,9,13,45,18
36,5,9,41,13,18
36,5,9,41,45,18
36,5,9,41,13,45
36,5,9,13,45,18
1,2,33,36,5,9
36,37,41,13,45,18
33,36,41,13,45,18
1,2,36,5,37,9
33,2,36,41,13,18
33,2,36,41,45,18
33,2,36,41,13,45
33,2,36,13,45,18
1,2,33,36,37,9
33,2,36,5,37,9
1,33,36,5,37,9
33,36,5,41,13,18
33,36,5,41,45,18
33,36,5,41,13,45
33,36,5,13,45,18
1,2,33,36,5,37
36,5,37,41,13,18
36,5,37,41,45,18
36,5,37,41,13,45
36,5,37,13,45,18
33,36,5,37,9,41
33,36,5,37,9,18
33,36,5,37,9,13
33,36,5,37,9,45
33,2,36,5,9,41
33,2,36,5,9,18
33,2,36,5,9,13
33,2,36,5,9,45
33,36,9,41,13,18
33,36,9,41,45,18
33,36,9,41,13,45
33,36,9,13,45,18
1,33,36,5,9,41
1,33,36,5,9,18
1,33,36,5,9,13
1,33,36,5,9,45
1,2,33,36,5,41
1,2,33,36,5,18
1,2,33,36,5,13
1,2,33,36,5,45
36,37,9,41,13,18
36,37,9,41,45,18
36,37,9,41,13,45
36,37,9,13,45,18
1,36,37,41,13,18
1,36,37,41,45,18
1,36,37,41,13,45
1,36,37,13,45,18
1,2,36,5,9,41
1,2,36,5,9,18
1,2,36,5,9,13
1,2,36,5,9,45
33,36,37,41,13,18
33,36,37,41,45,18
33,36,37,41,13,45
33,36,37,13,45,18
1,33,36,37,9,41
1,33,36,37,9,18
1,33,36,37,9,13
1,33,36,37,9,45
33,2,36,37,9,41
33,2,36,37,9,18
33,2,36,37,9,13
33,2,36,37,9,45
1,33,36,5,37,41
1,33,36,5,37,18
1,33,36,5,37,13
1,33,36,5,37,45
1,33,36,41,13,18
1,33,36,41,45,18
1,33,36,41,13,45
1,33,36,13,45,18
2,36,37,9,41,18
2,36,37,9,41,13
2,36,37,9,41,45
2,36,37,9,13,18
2,36,37,9,45,18
2,36,37,9,13,45
33,36,37,9,41,18
33,36,37,9,41,13
33,36,37,9,41,45
33,36,37,9,13,18
33,36,37,9,45,18
33,36,37,9,13,45
33,2,36,41,9,18
33,2,36,41,9,13
33,2,36,41,9,45
33,2,36,9,13,18
33,2,36,9,45,18
33,2,36,9,13,45
1,2,36,5,37,41
1,2,36,5,37,18
1,2,36,5,37,13
1,2,36,5,37,45
33,2,36,37,41,18
33,2,36,37,41,13
33,2,36,37,41,45
33,2,36,37,13,18
33,2,36,37,45,18
33,2,36,37,13,45
36,5,37,9,41,18
36,5,37,9,41,13
36,5,37,9,41,45
36,5,37,9,13,18
36,5,37,9,45,18
36,5,37,9,13,45
1,33,36,5,41,18
1,33,36,5,41,13
1,33,36,5,41,45
1,33,36,5,13,18
1,33,36,5,45,18
1,33,36,5,13,45
33,36,5,9,41,18
33,36,5,9,41,13
33,36,5,9,41,45
33,36,5,9,13,18
33,36,5,9,45,18
33,36,5,9,13,45
1,2,33,36,41,18
1,2,33,36,41,13
1,2,33,36,41,45
1,2,33,36,13,18
1,2,33,36,45,18
1,2,33,36,13,45
1,33,36,9,41,18
1,33,36,9,41,13
1,33,36,9,41,45
1,33,36,9,13,18
1,33,36,9,45,18
1,33,36,9,13,45
1,2,33,36,37,41
1,2,33,36,37,18
1,2,33,36,37,13
1,2,33,36,37,45
33,2,36,5,41,18
33,2,36,5,41,13
33,2,36,5,41,45
33,2,36,5,13,18
33,2,36,5,45,18
33,2,36,5,13,45
1,2,36,37,9,41
1,2,36,37,9,18
1,2,36,37,9,13
1,2,36,37,9,45
33,2,36,5,37,41
33,2,36,5,37,18
33,2,36,5,37,13
33,2,36,5,37,45
1,36,5,37,41,18
1,36,5,37,41,13
1,36,5,37,41,45
1,36,5,37,13,18
1,36,5,37,45,18
1,36,5,37,13,45
1,2,36,37,41,18
1,2,36,37,41,13
1,2,36,37,41,45
1,2,36,37,13,18
1,2,36,37,45,18
1,2,36,37,13,45
1,2,33,36,9,41
1,2,33,36,9,18
1,2,33,36,9,13
1,2,33,36,9,45
2,36,37,41,13,18
2,36,37,41,45,18
2,36,37,41,13,45
2,36,37,13,45,18
1,2,36,5,41,18
1,2,36,5,41,13
1,2,36,5,41,45
1,2,36,5,13,18
1,2,36,5,45,18
1,2,36,5,13,45
1,2,36,41,9,18
1,2,36,41,9,13
1,2,36,41,9,45
1,2,36,9,13,18
1,2,36,9,45,18
1,2,36,9,13,45
2,36,5,37,9,41
2,36,5,37,9,18
2,36,5,37,9,13
2,36,5,37,9,45
2,36,5,9,41,18
2,36,5,9,41,13
2,36,5,9,41,45
2,36,5,9,13,18
2,36,5,9,45,18
2,36,5,9,13,45
1,36,5,37,9,41
1,36,5,37,9,18
1,36,5,37,9,13
1,36,5,37,9,45
1,36,5,9,41,18
1,36,5,9,41,13
1,36,5,9,41,45
1,36,5,9,13,18
1,36,5,9,45,18
1,36,5,9,13,45
33,36,5,37,41,18
33,36,5,37,41,13
33,36,5,37,41,45
33,36,5,37,13,18
33,36,5,37,45,18
33,36,5,37,13,45
1,36,37,9,41,18
1,36,37,9,41,13
1,36,37,9,41,45
1,36,37,9,13,18
1,36,37,9,45,18
1,36,37,9,13,45
1,33,36,37,41,18
1,33,36,37,41,13
1,33,36,37,41,45
1,33,36,37,13,18
1,33,36,37,45,18
1,33,36,37,13,45
2,36,5,37,41,18
2,36,5,37,41,13
2,36,5,37,41,45
2,36,5,37,13,18
2,36,5,37,45,18
2,36,5,37,13,45
1,36,5,41,13,45,18
1,36,9,41,13,45,18
2,36,5,41,13,45,18
1,2,36,41,13,45,18
36,5,9,41,13,45,18
2,36,9,41,13,45,18
33,2,36,41,13,45,18
1,33,36,41,13,45,18
33,36,9,41,13,45,18
2,36,37,41,13,45,18
33,36,5,41,13,45,18
36,37,9,41,13,45,18
36,5,37,41,13,45,18
1,2,36,41,9,13,18
1,2,36,41,9,45,18
1,2,36,41,9,13,45
1,2,36,9,13,45,18
1,36,5,9,41,13,18
1,36,5,9,41,45,18
1,36,5,9,41,13,45
1,36,5,9,13,45,18
2,36,5,9,41,13,18
2,36,5,9,41,45,18
2,36,5,9,41,13,45
2,36,5,9,13,45,18
1,2,33,36,41,13,18
1,2,33,36,41,45,18
1,2,33,36,41,13,45
1,2,33,36,13,45,18
1,36,37,41,13,45,18
33,36,37,41,13,45,18
33,2,36,41,9,13,18
33,2,36,41,9,45,18
33,2,36,41,9,13,45
33,2,36,9,13,45,18
1,33,36,9,41,13,18
1,33,36,9,41,45,18
1,33,36,9,41,13,45
1,33,36,9,13,45,18
1,33,36,5,9,41,18
1,33,36,5,9,41,13
1,33,36,5,9,41,45
1,33,36,5,9,13,18
1,33,36,5,9,45,18
1,33,36,5,9,13,45
1,2,33,36,9,41,18
1,2,33,36,9,41,13
1,2,33,36,9,41,45
1,2,33,36,9,13,18
1,2,33,36,9,45,18
1,2,33,36,9,13,45
2,36,5,37,41,13,18
2,36,5,37,41,45,18
2,36,5,37,41,13,45
2,36,5,37,13,45,18
1,2,36,5,41,13,18
1,2,36,5,41,45,18
1,2,36,5,41,13,45
1,2,36,5,13,45,18
1,2,36,5,9,41,18
1,2,36,5,9,41,13
1,2,36,5,9,41,45
1,2,36,5,9,13,18
1,2,36,5,9,45,18
1,2,36,5,9,13,45
33,36,37,9,41,13,18
33,36,37,9,41,45,18
33,36,37,9,41,13,45
33,36,37,9,13,45,18
36,5,37,9,41,13,18
36,5,37,9,41,45,18
36,5,37,9,41,13,45
36,5,37,9,13,45,18
1,2,33,36,5,41,18
1,2,33,36,5,41,13
1,2,33,36,5,41,45
1,2,33,36,5,13,18
1,2,33,36,5,45,18
1,2,33,36,5,13,45
33,36,5,9,41,13,18
33,36,5,9,41,45,18
33,36,5,9,41,13,45
33,36,5,9,13,45,18
1,33,36,5,41,13,18
1,33,36,5,41,45,18
1,33,36,5,41,13,45
1,33,36,5,13,45,18
1,36,5,37,9,41,18
1,36,5,37,9,41,13
1,36,5,37,9,41,45
1,36,5,37,9,13,18
1,36,5,37,9,45,18
1,36,5,37,9,13,45
33,2,36,5,41,13,18
33,2,36,5,41,45,18
33,2,36,5,41,13,45
33,2,36,5,13,45,18
33,36,5,37,41,13,18
33,36,5,37,41,45,18
33,36,5,37,41,13,45
33,36,5,37,13,45,18
1,36,37,9,41,13,18
1,36,37,9,41,45,18
1,36,37,9,41,13,45
1,36,37,9,13,45,18
1,2,33,36,5,37,9
2,36,37,9,41,13,18
2,36,37,9,41,45,18
2,36,37,9,41,13,45
2,36,37,9,13,45,18
1,33,36,37,41,13,18
1,33,36,37,41,45,18
1,33,36,37,41,13,45
1,33,36,37,13,45,18
1,36,5,37,41,13,18
1,36,5,37,41,45,18
1,36,5,37,41,13,45
1,36,5,37,13,45,18
1,2,36,37,9,41,18
1,2,36,37,9,41,13
1,2,36,37,9,41,45
1,2,36,37,9,13,18
1,2,36,37,9,45,18
1,2,36,37,9,13,45
1,2,36,37,41,13,18
1,2,36,37,41,45,18
1,2,36,37,41,13,45
1,2,36,37,13,45,18
1,33,36,37,9,41,18
1,33,36,37,9,41,13
1,33,36,37,9,41,45
1,33,36,37,9,13,18
1,33,36,37,9,45,18
1,33,36,37,9,13,45
33,2,36,37,41,13,18
33,2,36,37,41,45,18
33,2,36,37,41,13,45
33,2,36,37,13,45,18
2,36,5,37,9,41,18
2,36,5,37,9,41,13
2,36,5,37,9,41,45
2,36,5,37,9,13,18
2,36,5,37,9,45,18
2,36,5,37,9,13,45
1,2,33,36,37,41,18
1,2,33,36,37,41,13
1,2,33,36,37,41,45
1,2,33,36,37,13,18
1,2,33,36,37,45,18
1,2,33,36,37,13,45
1,2,33,36,37,9,41
1,2,33,36,37,9,18
1,2,33,36,37,9,13
1,2,33,36,37,9,45
1,33,36,5,37,9,41
1,33,36,5,37,9,18
1,33,36,5,37,9,13
1,33,36,5,37,9,45
33,36,5,37,9,41,18
33,36,5,37,9,41,13
33,36,5,37,9,41,45
33,36,5,37,9,13,18
33,36,5,37,9,45,18
33,36,5,37,9,13,45
33,2,36,37,9,41,18
33,2,36,37,9,41,13
33,2,36,37,9,41,45
33,2,36,37,9,13,18
33,2,36,37,9,45,18
33,2,36,37,9,13,45
1,2,33,36,5,9,41
1,2,33,36,5,9,18
1,2,33,36,5,9,13
1,2,33,36,5,9,45
1,2,33,36,5,37,41
1,2,33,36,5,37,18
1,2,33,36,5,37,13
1,2,33,36,5,37,45
33,2,36,5,37,9,41
33,2,36,5,37,9,18
33,2,36,5,37,9,13
33,2,36,5,37,9,45
33,2,36,5,9,41,18
33,2,36,5,9,41,13
33,2,36,5,9,41,45
33,2,36,5,9,13,18
33,2,36,5,9,45,18
33,2,36,5,9,13,45
1,2,36,5,37,9,41
1,2,36,5,37,9,18
1,2,36,5,37,9,13
1,2,36,5,37,9,45
1,2,36,5,37,41,18
1,2,36,5,37,41,13
1,2,36,5,37,41,45
1,2,36,5,37,13,18
1,2,36,5,37,45,18
1,2,36,5,37,13,45
33,2,36,5,37,41,18
33,2,36,5,37,41,13
33,2,36,5,37,41,45
33,2,36,5,37,13,18
33,2,36,5,37,45,18
33,2,36,5,37,13,45
1,33,36,5,37,41,18
1,33,36,5,37,41,13
1,33,36,5,37,41,45
1,33,36,5,37,13,18
1,33,36,5,37,45,18
1,33,36,5,37,13,45
1,2,36,5,9,41,13,45
1,2,36,5,9,41,13,18
1,2,36,5,9,41,45,18
1,36,5,9,41,13,45,18
1,2,36,5,41,13,45,18
2,36,5,9,41,13,45,18
1,2,33,36,5,9,41,13
1,2,33,36,5,9,13,45
1,2,33,36,5,9,41,45
1,2,33,36,5,9,41,18
1,2,33,36,5,9,45,18
1,2,33,36,5,41,45,18
1,2,36,5,9,13,45,18
1,2,33,36,5,13,45,18
1,2,33,36,9,13,45,18
1,33,36,5,9,41,13,45
1,2,33,36,41,13,45,18
1,2,33,36,9,41,13,45
1,33,36,5,9,41,13,18
1,33,36,5,9,13,45,18
1,33,36,5,41,13,45,18
1,2,36,41,9,13,45,18
1,2,33,36,5,41,13,45
33,2,36,5,9,41,13,45
1,33,36,9,41,13,45,18
1,2,33,36,5,9,13,18
1,2,33,36,9,41,45,18
33,2,36,5,9,13,45,18
1,2,33,36,9,41,13,18
33,2,36,5,9,41,45,18
33,2,36,41,9,13,45,18
1,2,36,5,37,9,41,45
1,2,36,5,37,9,41,13
1,2,36,5,37,9,13,45
1,2,36,5,37,9,13,18
1,33,36,5,9,41,45,18
33,2,36,5,9,41,13,18
1,2,36,37,9,41,13,45
1,2,36,5,37,9,45,18
1,2,33,36,5,41,13,18
1,2,36,5,37,13,45,18
1,36,5,37,9,41,13,18
33,2,36,5,41,13,45,18
1,2,36,37,9,41,45,18
1,2,36,37,41,13,45,18
1,2,36,5,37,41,13,45
33,36,5,9,41,13,45,18
1,36,37,9,41,13,45,18
2,36,5,37,9,41,45,18
1,2,36,5,37,9,41,18
1,36,5,37,9,41,13,45
1,2,36,5,37,41,13,18
1,2,36,5,37,41,45,18
2,36,5,37,9,41,13,18
1,33,36,5,37,9,41,13
1,33,36,5,37,9,41,45
2,36,5,37,9,13,45,18
1,33,36,37,9,41,13,45
1,33,36,37,9,41,13,18
1,2,33,36,37,41,13,18
1,2,33,36,37,13,45,18
1,2,33,36,37,41,45,18
1,2,33,36,5,37,9,41
1,33,36,5,37,41,45,18
1,2,33,36,37,9,13,45
2,36,37,9,41,13,45,18
1,2,33,36,5,37,9,45
2,36,5,37,41,13,45,18
1,36,5,37,9,13,45,18
1,2,33,36,37,9,41,45
1,36,5,37,9,41,45,18
1,2,36,37,9,13,45,18
1,36,5,37,41,13,45,18
1,2,33,36,5,37,41,13
1,2,36,37,9,41,13,18
1,33,36,37,9,13,45,18
1,2,33,36,37,41,13,45
1,2,33,36,37,9,13,18
33,2,36,5,37,9,41,13
33,2,36,37,9,41,13,18
33,2,36,37,9,41,45,18
33,2,36,37,41,13,45,18
33,36,5,37,9,41,13,45
1,2,33,36,37,9,41,18
2,36,5,37,9,41,13,45
1,33,36,5,37,9,13,45
1,2,33,36,5,37,9,13
1,33,36,5,37,41,13,45
1,2,33,36,5,37,13,45
36,5,37,9,41,13,45,18
33,36,5,37,9,41,13,18
33,36,5,37,9,41,45,18
33,36,5,37,9,13,45,18
33,36,37,9,41,13,45,18
1,33,36,37,9,41,45,18
1,2,33,36,37,9,45,18
1,33,36,5,37,9,41,18
33,2,36,5,37,9,41,45
1,33,36,5,37,41,13,18
1,33,36,5,37,9,45,18
1,2,33,36,5,37,41,45
33,2,36,37,9,41,13,45
33,2,36,5,37,9,41,18
1,2,33,36,37,9,41,13
1,2,33,36,5,37,41,18
33,2,36,5,37,9,13,45
33,36,5,37,41,13,45,18
33,2,36,5,37,41,45,18
33,2,36,37,9,13,45,18
33,2,36,5,37,9,13,18
1,2,33,36,5,37,13,18
1,33,36,5,37,13,45,18
1,33,36,5,37,9,13,18
33,2,36,5,37,9,45,18
33,2,36,5,37,41,13,45
1,2,33,36,5,37,45,18
1,33,36,37,41,13,45,18
33,2,36,5,37,41,13,18
33,2,36,5,37,13,45,18
1,2,33,36,5,37,9,18
33,2,36,5,9,41,13,45,18
1,2,33,36,37,9,41,13,45
1,2,33,36,5,37,9,41,45
1,2,33,36,5,37,41,13,45
1,2,33,36,37,9,41,13,18
1,2,33,36,37,9,41,45,18
1,2,36,5,37,9,41,13,18
1,2,36,5,37,41,13,45,18
1,2,33,36,5,37,9,45,18
1,2,33,36,5,37,9,41,18
1,2,33,36,5,9,41,13,45
1,2,36,5,9,41,13,45,18
1,2,33,36,5,37,13,45,18
1,33,36,5,37,9,41,13,18
1,2,33,36,5,9,13,45,18
1,2,33,36,37,41,13,45,18
1,2,33,36,5,37,9,13,18
1,2,33,36,5,37,41,45,18
1,2,33,36,9,41,13,45,18
1,2,33,36,5,9,41,45,18
1,2,33,36,5,9,41,13,18
1,2,36,5,37,9,13,45,18
2,36,5,37,9,41,13,45,18
1,2,36,37,9,41,13,45,18
1,2,33,36,5,41,13,45,18
1,2,33,36,5,37,9,13,45
1,2,36,5,37,9,41,13,45
33,2,36,5,37,9,13,45,18
1,2,33,36,37,9,13,45,18
33,2,36,5,37,9,41,13,45
1,33,36,5,37,9,13,45,18
33,36,5,37,9,41,13,45,18
1,33,36,5,37,41,13,45,18
33,2,36,5,37,9,41,45,18
1,2,36,5,37,9,41,45,18
1,2,33,36,5,37,41,13,18
1,33,36,5,37,9,41,45,18
1,33,36,5,37,9,41,13,45
1,36,5,37,9,41,13,45,18
1,33,36,5,9,41,13,45,18
33,2,36,37,9,41,13,45,18
1,2,33,36,5,37,9,41,13
1,33,36,37,9,41,13,45,18
33,2,36,5,37,41,13,45,18
33,2,36,5,37,9,41,13,18
1,2,33,36,5,9,41,13,45,18
1,33,36,5,37,9,41,13,45,18
33,2,36,5,37,9,41,13,45,18
1,2,36,5,37,9,41,13,45,18
1,2,33,36,5,37,9,41,13,45
1,2,33,36,5,37,9,41,45,18
1,2,33,36,5,37,9,41,13,18
1,2,33,36,5,37,9,13,45,18
1,2,33,36,5,37,41,13,45,18
1,2,33,36,37,9,41,13,45,18
1,2,33,36,5,37,9,41,13,45,18
